1
297
0 LaDéfense	4	7
1 Abbesses	0	0
2 Alésia	28	39
3 AlexandreDumas	46	23
4 Alma-Marceau	0	0
5 AnatoleFrance	12	4
6 Anvers	30	8
7 Argentine	10	14
8 ArtsetMétiers	36	19
9 Assembléenationale	0	0
10 Aubervilliers-Pantin-QuatreChemins	0	0
11 AvenueÉmile-Zola	12	31
12 Avron	46	25
13 Balard	0	0
14 Barbès-Rochechouart	33	8
15 BasiliquedeSaint-Denis	0	0
16 Bastille	37	25
17 Bel-Air	47	37
18 Belleville	41	14
19 Bérault	42	30
20 Bercy	43	35
21 BibliothèqueFrançois-Mitterrand	0	0
22 Billancourt	0	0
23 Bir-Hakeim	10	28
24 Blanche	24	8
25 Bobigny-PabloPicasso	53	3
26 Bobigny-Pantin-RaymondQueneau	51	5
27 Boissière	8	20
28 Bonne-Nouvelle	0	0
29 Boucicaut	0	0
30 Boulogne-JeanJaurès	4	35
31 Boulogne-PontdeSaint-Cloud	3	36
32 Bourse	7	19
33 Bréguet-Sabin	39	23
34 Brochant	0	0
35 Buzenval	0	0
36 Cadet	0	0
37 Cambronne	17	32
38 Campo-Formio	36	36
39 CardinalLemoine	32	30
40 CarrefourPleyel	0	0
41 Censier-Daubenton	0	0
42 Champs-Élysées-Clemenceau	17	20
43 Chardon-Lagache	6	34
44 Charenton-Écoles	0	0
45 CharlesdeGaulle-Étoile	11	16
46 CharlesMichels	11	32
47 Charonne	0	0
48 Châteaud'Eau	34	14
49 ChâteaudeVincennes	43	31
50 Château-Landon	0	0
51 ChâteauRouge	31	6
52 Châtelet	30	22
53 Châtillon-Montrouge	0	0
54 Chausséed'Antin-LaFayette	0	0
55 CheminVert	0	0
56 Chevaleret	39	38
57 Cité	29	24
58 Cluny-LaSorbonne	30	28
59 ColonelFabien	41	12
60 Commerce	0	0
61 Concorde	18	22
62 Convention	0	0
63 CorentinCariou	0	0
64 CorentinCelton	0	0
65 Corvisart	33	38
66 Courcelles	15	13
67 Couronnes	43	15
68 CourSaint-Émilion	0	0
69 Créteil-L'Échat	0	0
70 Créteil-Préfecture	0	0
71 Créteil-Université	0	0
72 Crimée	0	0
73 CroixdeChavaux	0	0
74 Daumesnil	46	38
75 Denfert-Rochereau	29	36
76 Dugommier	45	33
77 Dupleix	12	29
78 Duroc	20	32
79 ÉcoleMilitaire	0	0
80 ÉcolevétérinairedeMaisons-Alfort	0	0
81 EdgarQuinet	0	0
82 Églised'Auteuil	7	33
83 ÉglisedePantin	50	6
84 EsplanadedeLaDéfense	5	8
85 ÉtienneMarcel	30	20
86 Europe	19	11
87 Exelmans	0	0
88 Faidherbe-Chaligny	0	0
89 Falguière	0	0
90 FélixFaure	0	0
91 FillesduCalvaire	0	0
92 Fortd'Aubervilliers	0	0
93 FranklinD.Roosevelt	15	17
94 FrontPopulaire	0	0
95 GabrielPéri	0	0
96 Gaîté	0	0
97 Gallieni	53	18
98 Gambetta	49	18
99 Gared'Austerlitz	37	33
100 Garedel'Est	33	12
101 GaredeLyon	39	30
102 GareduNord	33	9
103 Garibaldi	0	0
104 GeorgeV	14	16
105 Glacière	32	38
106 Goncourt	0	0
107 GrandsBoulevards	0	0
108 GuyMôquet	0	0
109 Havre-Caumartin	22	16
110 Hoche	49	7
111 HôteldeVille	33	22
112 Iéna	0	0
113 Invalides	0	0
114 JacquesBonsergent	37	14
115 Jasmin	0	0
116 Jaurès	41	9
117 Javel-AndréCitroën	9	33
118 Jourdain	0	0
119 JulesJoffrin	0	0
120 Jussieu	33	31
121 Kléber	10	18
122 LaChapelle	36	8
123 LaCourneuve-8Mai1945	0	0
124 LaFourche	0	0
125 Lamarck-Caulaincourt	0	0
126 LaMotte-Picquet-Grenelle	14	31
127 LaMuette	0	0
128 LaTour-Maubourg	0	0
129 Laumière	43	8
130 Ledru-Rollin	0	0
131 LeKremlin-Bicêtre	0	0
132 LePeletier	0	0
133 LesAgnettes	0	0
134 LesCourtilles	0	0
135 LesGobelins	0	0
136 LesHalles	30	21
137 LesSablons	0	0
138 Liberté	0	0
139 Liège	0	0
140 LouisBlanc	0	0
141 LouiseMichel	13	5
142 Lourmel	0	0
143 Louvre-Rivoli	25	22
144 Mabillon	26	29
145 Madeleine	0	0
146 MairiedeClichy	0	0
147 MairiedeMontreuil	0	0
148 MairiedeMontrouge	0	0
149 MairiedeSaint-Ouen	0	0
150 MairiedesLilas	0	0
151 Mairied'Issy	0	0
152 Mairied'Ivry	0	0
153 MaisonBlanche	0	0
154 Maisons-Alfort-LesJuilliottes	0	0
155 Maisons-Alfort-Stade	0	0
156 Malakoff-PlateaudeVanves	0	0
157 Malakoff-RueÉtienne-Dolet	0	0
158 Malesherbes	17	9
159 Maraîchers	0	0
160 Marcadet-Poissonniers	31	5
161 MarcelSembat	0	0
162 MarxDormoy	0	0
163 Maubert-Mutualité	31	29
164 Ménilmontant	44	17
165 Michel-Ange-Auteuil	5	33
166 Michel-Ange-Molitor	5	34
167 MichelBizot	0	0
168 Mirabeau	7	34
169 Miromesnil	0	0
170 Monceau	16	11
171 Montgallet	0	0
173 Montparnasse-Bienvenue	24	34
174 Mouton-Duvernet	29	38
175 Nation	47	27
176 Nationale	37	38
177 Notre-Dame-de-Lorette	0	0
178 Notre-Dame-des-Champs	0	0
179 Oberkampf	39	18
180 Odéon	28	28
181 Olympiades	0	0
182 Opéra	23	17
183 Ourcq	44	7
185 Palais-Royal-MuséeduLouvre	23	22
186 Parmentier	43	18
187 Passy	8	26
188 Pasteur	20	34
189 Pereire	15	7
190 PèreLachaise	46	19
191 Pernety	0	0
192 PhilippeAuguste	46	21
193 Picpus	48	36
194 PierreetMarieCurie	0	0
195 Pigalle	28	8
196 PlacedeClichy	21	8
197 PlacedesFêtes	0	0
198 Placed'Italie	35	38
199 PlaceMonge	0	0
200 Plaisance	0	0
201 PointeduLac	0	0
202 Poissonnière	0	0
203 PontdeLevallois-Bécon	11	3
204 PontdeNeuilly	6	10
205 PontdeSèvres	0	0
206 PontMarie	0	0
207 Pont-Neuf	0	0
208 PorteDauphine	7	16
209 Ported'Auteuil	5	33
210 PortedeBagnolet	51	18
211 PortedeChamperret	14	6
212 PortedeCharenton	0	0
213 PortedeChoisy	0	0
214 PortedeClichy	0	0
215 PortedeClignancourt	29	2
216 PortedelaChapelle	0	0
217 PortedelaVillette	0	0
218 PortedeMontreuil	0	0
219 PortedePantin	47	7
220 PortedeSaint-Cloud	0	0
221 PortedeSaint-Ouen	0	0
222 PortedesLilas	0	0
223 PortedeVanves	0	0
224 PortedeVersailles	0	0
225 PortedeVincennes	49	28
226 Ported'Italie	0	0
227 Ported'Ivry	0	0
228 PorteDorée	0	0
229 Ported'Orléans	27	39
230 PorteMaillot	9	13
231 Pyramides	0	0
232 Pyrénées	0	0
233 QuaidelaGare	41	37
234 QuaidelaRapée	37	30
235 Quatre-Septembre	25	19
236 Rambuteau	0	0
237 Ranelagh	0	0
238 Raspail	28	35
239 Réaumur-Sébastopol	32	19
240 Rennes	0	0
241 République	38	17
242 Reuilly-Diderot	41	29
243 Richard-Lenoir	40	22
244 Richelieu-Drouot	0	0
245 Riquet	0	0
246 Robespierre	0	0
247 Rome	19	8
248 RuedelaPompe	0	0
249 RuedesBoulets	0	0
250 RueduBac	0	0
251 RueSaint-Maur	44	18
252 Saint-Ambroise	0	0
253 Saint-Augustin	0	0
254 Saint-Denis-PortedeParis	0	0
255 Saint-Denis-Université	0	0
256 Saint-François-Xavier	0	0
257 Saint-Georges	0	0
258 Saint-Germain-des-Prés	25	28
259 Saint-Jacques	30	37
260 Saint-Lazare	21	14
261 Saint-Mandé	51	29
262 Saint-Marcel	37	35
263 Saint-Michel	28	27
264 Saint-Paul	35	25
265 Saint-PhilippeduRoule	0	0
266 Saint-Placide	24	32
267 Saint-Sébastien-Froissart	0	0
268 Saint-Sulpice	24	29
269 Ségur	18	32
270 Sentier	29	19
271 Sèvres-Babylone	27	29
272 Sèvres-Lecourbe	18	33
273 Simplon	30	3
274 Solférino	0	0
275 Stalingrad	40	8
276 Strasbourg-Saint-Denis	36	16
277 Sully-Morland	0	0
278 Télégraphe	0	0
279 Temple	36	18
280 Ternes	13	14
281 Tolbiac	0	0
282 Trinité-d'Estienned'Orves	0	0
283 Trocadéro	8	22
284 Tuileries	21	22
285 Vaneau	21	30
286 Varenne	0	0
287 Vaugirard	0	0
288 Vavin	26	34
289 VictorHugo	9	18
290 Villejuif-LéoLagrange	0	0
291 Villejuif-LouisAragon	0	0
292 Villejuif-PaulVaillant-Couturier	0	0
293 Villiers	18	10
294 Volontaires	0	0
295 Voltaire	0	0
296 Wagram	16	8
700
0 0 84
1 1 2
2 1 0
3 2 229
4 2 174
5 3 12
6 3 192
7 4 93
8 4 112
9 5 141
10 5 203
11 6 14
12 6 195
13 7 45
14 7 230
15 8 279
16 8 239
17 8 241
18 8 236
19 9 10
20 9 8
21 10 217
22 10 92
23 11 126
24 11 46
25 12 175
26 12 3
27 13 142
28 14 122
29 14 6
30 14 102
31 14 51
32 15 255
33 15 254
34 16 101
35 16 264
36 16 234
37 16 33
38 16 130
39 16 55
40 17 193
41 17 74
42 18 67
43 18 59
44 18 232
45 18 106
46 19 49
47 19 261
48 20 76
49 20 233
50 20 68
51 20 101
52 21 181
53 21 68
54 22 161
55 22 205
56 23 77
57 23 187
58 24 195
59 24 196
60 25 26
61 26 83
62 26 25
63 27 283
64 27 121
65 28 276
66 28 107
67 29 90
68 29 142
69 30 166
70 30 31
71 31 30
72 32 270
73 32 235
74 33 16
75 33 243
76 34 214
77 34 124
78 35 159
79 35 175
80 36 132
81 36 202
82 37 272
83 37 126
84 38 198
85 38 262
86 39 120
87 39 163
88 40 254
89 40 149
90 41 135
91 41 199
92 42 61
93 42 93
94 42 169
95 42 113
96 43 168
97 44 80
98 44 138
99 45 280
100 45 289
101 45 104
102 45 7
103 45 121
104 46 11
105 46 117
106 47 249
107 47 295
108 48 276
109 48 100
110 49 19
111 50 100
112 50 140
113 51 14
114 51 160
115 52 111
116 52 143
117 52 57
118 52 136
119 52 206
120 52 207
121 52 111
122 52 101
123 52 231
124 53 157
125 54 182
126 54 132
127 54 244
128 54 109
129 55 16
130 55 267
131 56 233
132 56 176
133 57 263
134 57 52
135 58 163
136 58 180
137 59 18
138 59 116
139 60 126
140 60 90
141 61 284
142 61 42
143 61 145
144 61 113
145 61 62
146 61 61
147 62 63
148 62 61
149 63 72
150 63 217
151 64 65
152 64 63
153 65 198
154 65 105
155 66 170
156 66 280
157 67 164
158 67 18
159 68 21
160 68 20
161 69 71
162 69 154
163 70 201
164 70 71
165 71 70
166 71 69
167 72 245
168 72 63
169 73 147
170 73 246
171 74 17
172 74 76
173 74 167
174 74 171
175 75 174
176 75 238
177 75 259
178 75 238
179 76 74
180 76 20
181 77 126
182 77 23
183 78 285
184 78 269
185 78 256
186 78 172
187 79 128
188 79 126
189 80 155
190 80 44
191 81 238
192 81 172
193 82 117
194 83 110
195 83 26
196 84 204
197 84 0
198 85 136
199 85 239
200 86 260
201 86 293
202 87 166
203 87 220
204 88 242
205 88 130
206 89 90
207 89 88
208 90 60
209 90 29
210 91 267
211 91 241
212 92 10
213 92 123
214 93 42
215 93 104
216 93 265
217 93 4
218 94 95
219 95 133
220 95 146
221 96 172
222 96 191
223 97 210
224 98 210
225 98 190
226 99 262
227 99 234
228 99 120
229 100 48
230 100 102
231 100 114
232 100 102
233 100 202
234 100 50
235 101 242
236 101 16
237 101 20
238 101 52
239 102 100
240 102 14
241 102 100
242 102 275
243 103 149
244 103 221
245 104 93
246 104 45
247 105 65
248 105 259
249 106 18
250 106 241
251 107 28
252 107 244
253 108 221
254 108 124
255 109 182
256 109 260
257 109 54
258 109 253
259 110 219
260 110 83
261 111 264
262 111 52
263 111 236
264 111 52
265 112 4
266 112 283
267 113 61
268 113 128
269 113 42
270 113 286
271 114 241
272 114 100
273 115 237
274 115 165
275 116 59
276 116 275
277 116 275
278 116 129
279 117 46
280 117 82
281 118 197
282 118 232
283 119 120
284 119 118
285 120 199
286 120 277
287 120 99
288 120 39
289 121 27
290 121 45
291 122 275
292 122 14
293 123 92
294 124 108
295 124 196
296 124 34
297 125 126
298 125 124
299 126 37
300 126 77
301 126 79
302 126 60
303 126 269
304 126 11
305 127 248
306 127 237
307 128 113
308 128 79
309 129 116
310 129 183
311 130 88
312 130 16
313 131 290
314 131 153
315 132 54
316 132 36
317 133 134
318 133 95
319 134 133
320 135 198
321 135 41
322 136 52
323 136 85
324 137 230
325 137 204
326 138 44
327 138 212
328 139 196
329 139 260
330 140 50
331 140 275
332 141 211
333 141 5
334 142 29
335 142 13
336 143 52
337 143 185
338 144 180
339 144 271
340 145 182
341 145 61
342 145 145
343 145 145
344 145 231
345 145 260
346 146 95
347 146 214
348 147 73
349 148 229
350 149 40
351 149 103
352 150 222
353 151 152
354 151 150
355 152 194
356 153 226
357 153 281
358 153 131
359 154 69
360 154 155
361 155 154
362 155 80
363 156 223
364 156 157
365 157 156
366 157 53
367 158 293
368 158 296
369 159 218
370 159 35
371 160 51
372 160 273
373 160 161
374 160 160
375 161 220
376 161 22
377 162 163
378 162 161
379 163 39
380 163 58
381 164 190
382 164 67
383 165 115
384 165 166
385 165 82
386 166 165
387 166 87
388 166 43
389 167 228
390 167 74
391 168 117
392 169 253
393 169 265
394 169 260
395 169 42
396 170 293
397 170 66
398 171 74
399 171 242
400 172 81
401 172 188
402 172 78
403 172 96
404 173 288
405 173 266
406 174 2
407 174 75
408 175 225
409 175 242
410 175 12
411 175 193
412 175 35
413 175 249
414 176 56
415 176 198
416 177 178
417 177 176
418 178 179
419 178 177
420 179 243
421 179 241
422 179 252
423 180 258
424 180 263
425 180 58
426 180 144
427 181 21
428 182 235
429 182 109
430 182 231
431 182 54
432 182 244
433 182 145
434 183 129
435 183 219
436 184 207
437 184 231
438 185 143
439 185 284
440 186 251
441 186 241
442 187 23
443 187 283
444 188 172
445 188 272
446 188 189
447 188 188
448 189 296
449 189 211
450 190 192
451 190 164
452 190 98
453 190 251
454 191 96
455 191 200
456 192 3
457 192 190
458 193 175
459 193 17
460 194 152
461 194 227
462 195 6
463 195 24
464 195 196
465 195 195
466 196 24
467 196 247
468 196 124
469 196 139
470 197 278
471 197 118
472 198 38
473 198 176
474 198 65
475 198 281
476 198 135
477 199 41
478 199 120
479 200 191
480 200 223
481 201 70
482 202 36
483 202 100
484 203 5
485 204 137
486 204 84
487 205 22
488 206 277
489 206 52
490 207 52
491 207 184
492 208 289
493 209 30
494 210 97
495 210 98
496 211 189
497 211 141
498 212 138
499 212 228
500 213 227
501 213 226
502 214 146
503 214 34
504 215 273
505 216 217
506 216 215
507 217 63
508 217 10
509 218 246
510 218 159
511 219 183
512 219 110
513 220 87
514 220 161
515 221 103
516 221 108
517 222 150
518 222 278
519 223 200
520 223 156
521 224 225
522 224 223
523 225 261
524 225 175
525 226 213
526 226 153
527 227 194
528 227 213
529 228 212
530 228 167
531 229 148
532 229 2
533 230 7
534 230 137
535 231 184
536 231 182
537 231 52
538 231 145
539 232 118
540 232 18
541 233 20
542 233 56
543 234 99
544 234 16
545 235 32
546 235 182
547 236 8
548 236 111
549 237 127
550 237 115
551 238 75
552 238 288
553 238 75
554 238 81
555 239 8
556 239 270
557 239 85
558 239 276
559 240 241
560 240 239
561 241 186
562 241 279
563 241 179
564 241 114
565 241 91
566 241 276
567 241 179
568 241 276
569 241 106
570 241 8
571 242 175
572 242 101
573 242 171
574 242 88
575 243 33
576 243 179
577 244 107
578 244 182
579 244 107
580 244 54
581 245 275
582 245 72
583 246 73
584 246 218
585 247 196
586 247 293
587 248 283
588 248 127
589 249 175
590 249 47
591 250 251
592 250 249
593 251 190
594 251 186
595 252 295
596 252 179
597 253 109
598 253 169
599 254 15
600 254 40
601 255 15
602 256 286
603 256 78
604 257 258
605 257 256
606 258 268
607 258 180
608 259 105
609 259 75
610 260 109
611 260 86
612 260 260
613 260 260
614 260 139
615 260 169
616 260 145
617 261 19
618 261 225
619 262 38
620 262 99
621 263 180
622 263 57
623 264 16
624 264 111
625 265 169
626 265 93
627 266 173
628 266 268
629 267 55
630 267 91
631 268 266
632 268 258
633 269 78
634 269 126
635 270 239
636 270 32
637 271 144
638 271 285
639 271 272
640 271 271
641 272 188
642 272 37
643 273 160
644 273 215
645 274 275
646 274 273
647 275 116
648 275 122
649 275 102
650 275 116
651 275 140
652 275 245
653 276 239
654 276 48
655 276 241
656 276 28
657 277 120
658 277 206
659 278 222
660 278 197
661 279 241
662 279 8
663 280 66
664 280 45
665 281 153
666 281 198
667 282 283
668 282 281
669 283 187
670 283 27
671 283 112
672 283 248
673 284 185
674 284 61
675 285 271
676 285 78
677 286 113
678 286 256
679 287 288
680 287 286
681 288 238
682 288 173
683 289 45
684 289 208
685 290 292
686 290 131
687 291 292
688 292 291
689 292 290
690 293 247
691 293 170
692 293 86
693 293 158
694 294 295
695 294 293
696 295 47
697 295 252
698 296 158
699 296 189